$ANSIBLE_VAULT;1.1;AES256
63316164613466353631633637386539353432633735383432626434396566313339636663326335
6532656661633736363266323832613265393932343335360a306536313730396534336237353435
66376464373661323731326435623233366133346137323236313133326638633034636661366161
3632326463393835630a316535373063376636303130393830346438383136373038383135323336
63623730653531313633346534636539306661633661383830363634663263613635303430613831
62666237383964356230613531356365383762353335366165336264636563343333323338646362
35323562323730396166653835366233366232316439353537343764353764396532316238663230
37393536376231623363373535343233333265333466383038313164393339386339323263656333
32306536626535356164376534643537623031616164343537663935633333306361613865373537
34363630303332616462666366633030666536376638303533313364396265336266616133353331
32643137323163393539663963306265643736376235666431386331353366623731623561323264
39313964323130386235393636653830346431666236363736653763363435393565326261313430
32633033336630386534646532393533356436663939646663636338343838396131323531366136
38313361373436313764613234396136303962393236363738306233366134386535366530313363
62363331633437386634393066323630383236346465616130646135313230346535363838376638
39393665643232636563613765383464343437633061336634336534626265663461323936613363
32666366326537333235353065346665376637376261336664366664343738633237633636346235
62383462633030656536633131653462363463616430396164626434653764656562343535336261
33633430353164303964333535663939653731353132626337313338663861323761333534623738
38616431646662663861
